0.0 0.0 0.0
-0.03 -0.03 -0.08
-0.03 -0.03 0.08
-0.03 -0.019999999999999997 -0.08
-0.03 -0.019999999999999997 0.08
-0.03 -0.009999999999999998 -0.08
-0.03 -0.009999999999999998 0.08
-0.03 0.0 -0.08
-0.03 0.0 0.08
-0.03 0.010000000000000002 -0.08
-0.03 0.010000000000000002 0.08
-0.03 0.020000000000000004 -0.08
-0.03 0.020000000000000004 0.08
-0.019999999999999997 -0.03 -0.08
-0.019999999999999997 -0.03 0.08
-0.019999999999999997 -0.019999999999999997 -0.08
-0.019999999999999997 -0.019999999999999997 0.08
-0.019999999999999997 -0.009999999999999998 -0.08
-0.019999999999999997 -0.009999999999999998 0.08
-0.019999999999999997 0.0 -0.08
-0.019999999999999997 0.0 0.08
-0.019999999999999997 0.010000000000000002 -0.08
-0.019999999999999997 0.010000000000000002 0.08
-0.019999999999999997 0.020000000000000004 -0.08
-0.019999999999999997 0.020000000000000004 0.08
-0.009999999999999998 -0.03 -0.08
-0.009999999999999998 -0.03 0.08
-0.009999999999999998 -0.019999999999999997 -0.08
-0.009999999999999998 -0.019999999999999997 0.08
-0.009999999999999998 -0.009999999999999998 -0.08
-0.009999999999999998 -0.009999999999999998 0.08
-0.009999999999999998 0.0 -0.08
-0.009999999999999998 0.0 0.08
-0.009999999999999998 0.010000000000000002 -0.08
-0.009999999999999998 0.010000000000000002 0.08
-0.009999999999999998 0.020000000000000004 -0.08
-0.009999999999999998 0.020000000000000004 0.08
0.0 -0.03 -0.08
0.0 -0.03 0.08
0.0 -0.019999999999999997 -0.08
0.0 -0.019999999999999997 0.08
0.0 -0.009999999999999998 -0.08
0.0 -0.009999999999999998 0.08
0.0 0.0 -0.08
0.0 0.0 0.08
0.0 0.010000000000000002 -0.08
0.0 0.010000000000000002 0.08
0.0 0.020000000000000004 -0.08
0.0 0.020000000000000004 0.08
0.010000000000000002 -0.03 -0.08
0.010000000000000002 -0.03 0.08
0.010000000000000002 -0.019999999999999997 -0.08
0.010000000000000002 -0.019999999999999997 0.08
0.010000000000000002 -0.009999999999999998 -0.08
0.010000000000000002 -0.009999999999999998 0.08
0.010000000000000002 0.0 -0.08
0.010000000000000002 0.0 0.08
0.010000000000000002 0.010000000000000002 -0.08
0.010000000000000002 0.010000000000000002 0.08
0.010000000000000002 0.020000000000000004 -0.08
0.010000000000000002 0.020000000000000004 0.08
0.020000000000000004 -0.03 -0.08
0.020000000000000004 -0.03 0.08
0.020000000000000004 -0.019999999999999997 -0.08
0.020000000000000004 -0.019999999999999997 0.08
0.020000000000000004 -0.009999999999999998 -0.08
0.020000000000000004 -0.009999999999999998 0.08
0.020000000000000004 0.0 -0.08
0.020000000000000004 0.0 0.08
0.020000000000000004 0.010000000000000002 -0.08
0.020000000000000004 0.010000000000000002 0.08
0.020000000000000004 0.020000000000000004 -0.08
0.020000000000000004 0.020000000000000004 0.08
-0.03 -0.03 -0.08
0.03 -0.03 -0.08
-0.03 -0.03 -0.07
0.03 -0.03 -0.07
-0.03 -0.03 -0.06
0.03 -0.03 -0.06
-0.03 -0.03 -0.05
0.03 -0.03 -0.05
-0.03 -0.03 -0.04
0.03 -0.03 -0.04
-0.03 -0.03 -0.03
0.03 -0.03 -0.03
-0.03 -0.03 -0.020000000000000004
0.03 -0.03 -0.020000000000000004
-0.03 -0.03 -0.009999999999999995
0.03 -0.03 -0.009999999999999995
-0.03 -0.03 0.0
0.03 -0.03 0.0
-0.03 -0.03 0.009999999999999995
0.03 -0.03 0.009999999999999995
-0.03 -0.03 0.020000000000000004
0.03 -0.03 0.020000000000000004
-0.03 -0.03 0.03
0.03 -0.03 0.03
-0.03 -0.03 0.039999999999999994
0.03 -0.03 0.039999999999999994
-0.03 -0.03 0.05
0.03 -0.03 0.05
-0.03 -0.03 0.06000000000000001
0.03 -0.03 0.06000000000000001
-0.03 -0.03 0.06999999999999999
0.03 -0.03 0.06999999999999999
-0.03 -0.019999999999999997 -0.08
0.03 -0.019999999999999997 -0.08
-0.03 -0.019999999999999997 -0.07
0.03 -0.019999999999999997 -0.07
-0.03 -0.019999999999999997 -0.06
0.03 -0.019999999999999997 -0.06
-0.03 -0.019999999999999997 -0.05
0.03 -0.019999999999999997 -0.05
-0.03 -0.019999999999999997 -0.04
0.03 -0.019999999999999997 -0.04
-0.03 -0.019999999999999997 -0.03
0.03 -0.019999999999999997 -0.03
-0.03 -0.019999999999999997 -0.020000000000000004
0.03 -0.019999999999999997 -0.020000000000000004
-0.03 -0.019999999999999997 -0.009999999999999995
0.03 -0.019999999999999997 -0.009999999999999995
-0.03 -0.019999999999999997 0.0
0.03 -0.019999999999999997 0.0
-0.03 -0.019999999999999997 0.009999999999999995
0.03 -0.019999999999999997 0.009999999999999995
-0.03 -0.019999999999999997 0.020000000000000004
0.03 -0.019999999999999997 0.020000000000000004
-0.03 -0.019999999999999997 0.03
0.03 -0.019999999999999997 0.03
-0.03 -0.019999999999999997 0.039999999999999994
0.03 -0.019999999999999997 0.039999999999999994
-0.03 -0.019999999999999997 0.05
0.03 -0.019999999999999997 0.05
-0.03 -0.019999999999999997 0.06000000000000001
0.03 -0.019999999999999997 0.06000000000000001
-0.03 -0.019999999999999997 0.06999999999999999
0.03 -0.019999999999999997 0.06999999999999999
-0.03 -0.009999999999999998 -0.08
0.03 -0.009999999999999998 -0.08
-0.03 -0.009999999999999998 -0.07
0.03 -0.009999999999999998 -0.07
-0.03 -0.009999999999999998 -0.06
0.03 -0.009999999999999998 -0.06
-0.03 -0.009999999999999998 -0.05
0.03 -0.009999999999999998 -0.05
-0.03 -0.009999999999999998 -0.04
0.03 -0.009999999999999998 -0.04
-0.03 -0.009999999999999998 -0.03
0.03 -0.009999999999999998 -0.03
-0.03 -0.009999999999999998 -0.020000000000000004
0.03 -0.009999999999999998 -0.020000000000000004
-0.03 -0.009999999999999998 -0.009999999999999995
0.03 -0.009999999999999998 -0.009999999999999995
-0.03 -0.009999999999999998 0.0
0.03 -0.009999999999999998 0.0
-0.03 -0.009999999999999998 0.009999999999999995
0.03 -0.009999999999999998 0.009999999999999995
-0.03 -0.009999999999999998 0.020000000000000004
0.03 -0.009999999999999998 0.020000000000000004
-0.03 -0.009999999999999998 0.03
0.03 -0.009999999999999998 0.03
-0.03 -0.009999999999999998 0.039999999999999994
0.03 -0.009999999999999998 0.039999999999999994
-0.03 -0.009999999999999998 0.05
0.03 -0.009999999999999998 0.05
-0.03 -0.009999999999999998 0.06000000000000001
0.03 -0.009999999999999998 0.06000000000000001
-0.03 -0.009999999999999998 0.06999999999999999
0.03 -0.009999999999999998 0.06999999999999999
-0.03 0.0 -0.08
0.03 0.0 -0.08
-0.03 0.0 -0.07
0.03 0.0 -0.07
-0.03 0.0 -0.06
0.03 0.0 -0.06
-0.03 0.0 -0.05
0.03 0.0 -0.05
-0.03 0.0 -0.04
0.03 0.0 -0.04
-0.03 0.0 -0.03
0.03 0.0 -0.03
-0.03 0.0 -0.020000000000000004
0.03 0.0 -0.020000000000000004
-0.03 0.0 -0.009999999999999995
0.03 0.0 -0.009999999999999995
-0.03 0.0 0.0
0.03 0.0 0.0
-0.03 0.0 0.009999999999999995
0.03 0.0 0.009999999999999995
-0.03 0.0 0.020000000000000004
0.03 0.0 0.020000000000000004
-0.03 0.0 0.03
0.03 0.0 0.03
-0.03 0.0 0.039999999999999994
0.03 0.0 0.039999999999999994
-0.03 0.0 0.05
0.03 0.0 0.05
-0.03 0.0 0.06000000000000001
0.03 0.0 0.06000000000000001
-0.03 0.0 0.06999999999999999
0.03 0.0 0.06999999999999999
-0.03 0.010000000000000002 -0.08
0.03 0.010000000000000002 -0.08
-0.03 0.010000000000000002 -0.07
0.03 0.010000000000000002 -0.07
-0.03 0.010000000000000002 -0.06
0.03 0.010000000000000002 -0.06
-0.03 0.010000000000000002 -0.05
0.03 0.010000000000000002 -0.05
-0.03 0.010000000000000002 -0.04
0.03 0.010000000000000002 -0.04
-0.03 0.010000000000000002 -0.03
0.03 0.010000000000000002 -0.03
-0.03 0.010000000000000002 -0.020000000000000004
0.03 0.010000000000000002 -0.020000000000000004
-0.03 0.010000000000000002 -0.009999999999999995
0.03 0.010000000000000002 -0.009999999999999995
-0.03 0.010000000000000002 0.0
0.03 0.010000000000000002 0.0
-0.03 0.010000000000000002 0.009999999999999995
0.03 0.010000000000000002 0.009999999999999995
-0.03 0.010000000000000002 0.020000000000000004
0.03 0.010000000000000002 0.020000000000000004
-0.03 0.010000000000000002 0.03
0.03 0.010000000000000002 0.03
-0.03 0.010000000000000002 0.039999999999999994
0.03 0.010000000000000002 0.039999999999999994
-0.03 0.010000000000000002 0.05
0.03 0.010000000000000002 0.05
-0.03 0.010000000000000002 0.06000000000000001
0.03 0.010000000000000002 0.06000000000000001
-0.03 0.010000000000000002 0.06999999999999999
0.03 0.010000000000000002 0.06999999999999999
-0.03 0.020000000000000004 -0.08
0.03 0.020000000000000004 -0.08
-0.03 0.020000000000000004 -0.07
0.03 0.020000000000000004 -0.07
-0.03 0.020000000000000004 -0.06
0.03 0.020000000000000004 -0.06
-0.03 0.020000000000000004 -0.05
0.03 0.020000000000000004 -0.05
-0.03 0.020000000000000004 -0.04
0.03 0.020000000000000004 -0.04
-0.03 0.020000000000000004 -0.03
0.03 0.020000000000000004 -0.03
-0.03 0.020000000000000004 -0.020000000000000004
0.03 0.020000000000000004 -0.020000000000000004
-0.03 0.020000000000000004 -0.009999999999999995
0.03 0.020000000000000004 -0.009999999999999995
-0.03 0.020000000000000004 0.0
0.03 0.020000000000000004 0.0
-0.03 0.020000000000000004 0.009999999999999995
0.03 0.020000000000000004 0.009999999999999995
-0.03 0.020000000000000004 0.020000000000000004
0.03 0.020000000000000004 0.020000000000000004
-0.03 0.020000000000000004 0.03
0.03 0.020000000000000004 0.03
-0.03 0.020000000000000004 0.039999999999999994
0.03 0.020000000000000004 0.039999999999999994
-0.03 0.020000000000000004 0.05
0.03 0.020000000000000004 0.05
-0.03 0.020000000000000004 0.06000000000000001
0.03 0.020000000000000004 0.06000000000000001
-0.03 0.020000000000000004 0.06999999999999999
0.03 0.020000000000000004 0.06999999999999999
-0.03 -0.03 -0.08
-0.03 0.03 -0.08
-0.03 -0.03 -0.07
-0.03 0.03 -0.07
-0.03 -0.03 -0.06
-0.03 0.03 -0.06
-0.03 -0.03 -0.05
-0.03 0.03 -0.05
-0.03 -0.03 -0.04
-0.03 0.03 -0.04
-0.03 -0.03 -0.03
-0.03 0.03 -0.03
-0.03 -0.03 -0.020000000000000004
-0.03 0.03 -0.020000000000000004
-0.03 -0.03 -0.009999999999999995
-0.03 0.03 -0.009999999999999995
-0.03 -0.03 0.0
-0.03 0.03 0.0
-0.03 -0.03 0.009999999999999995
-0.03 0.03 0.009999999999999995
-0.03 -0.03 0.020000000000000004
-0.03 0.03 0.020000000000000004
-0.03 -0.03 0.03
-0.03 0.03 0.03
-0.03 -0.03 0.039999999999999994
-0.03 0.03 0.039999999999999994
-0.03 -0.03 0.05
-0.03 0.03 0.05
-0.03 -0.03 0.06000000000000001
-0.03 0.03 0.06000000000000001
-0.03 -0.03 0.06999999999999999
-0.03 0.03 0.06999999999999999
-0.019999999999999997 -0.03 -0.08
-0.019999999999999997 0.03 -0.08
-0.019999999999999997 -0.03 -0.07
-0.019999999999999997 0.03 -0.07
-0.019999999999999997 -0.03 -0.06
-0.019999999999999997 0.03 -0.06
-0.019999999999999997 -0.03 -0.05
-0.019999999999999997 0.03 -0.05
-0.019999999999999997 -0.03 -0.04
-0.019999999999999997 0.03 -0.04
-0.019999999999999997 -0.03 -0.03
-0.019999999999999997 0.03 -0.03
-0.019999999999999997 -0.03 -0.020000000000000004
-0.019999999999999997 0.03 -0.020000000000000004
-0.019999999999999997 -0.03 -0.009999999999999995
-0.019999999999999997 0.03 -0.009999999999999995
-0.019999999999999997 -0.03 0.0
-0.019999999999999997 0.03 0.0
-0.019999999999999997 -0.03 0.009999999999999995
-0.019999999999999997 0.03 0.009999999999999995
-0.019999999999999997 -0.03 0.020000000000000004
-0.019999999999999997 0.03 0.020000000000000004
-0.019999999999999997 -0.03 0.03
-0.019999999999999997 0.03 0.03
-0.019999999999999997 -0.03 0.039999999999999994
-0.019999999999999997 0.03 0.039999999999999994
-0.019999999999999997 -0.03 0.05
-0.019999999999999997 0.03 0.05
-0.019999999999999997 -0.03 0.06000000000000001
-0.019999999999999997 0.03 0.06000000000000001
-0.019999999999999997 -0.03 0.06999999999999999
-0.019999999999999997 0.03 0.06999999999999999
-0.009999999999999998 -0.03 -0.08
-0.009999999999999998 0.03 -0.08
-0.009999999999999998 -0.03 -0.07
-0.009999999999999998 0.03 -0.07
-0.009999999999999998 -0.03 -0.06
-0.009999999999999998 0.03 -0.06
-0.009999999999999998 -0.03 -0.05
-0.009999999999999998 0.03 -0.05
-0.009999999999999998 -0.03 -0.04
-0.009999999999999998 0.03 -0.04
-0.009999999999999998 -0.03 -0.03
-0.009999999999999998 0.03 -0.03
-0.009999999999999998 -0.03 -0.020000000000000004
-0.009999999999999998 0.03 -0.020000000000000004
-0.009999999999999998 -0.03 -0.009999999999999995
-0.009999999999999998 0.03 -0.009999999999999995
-0.009999999999999998 -0.03 0.0
-0.009999999999999998 0.03 0.0
-0.009999999999999998 -0.03 0.009999999999999995
-0.009999999999999998 0.03 0.009999999999999995
-0.009999999999999998 -0.03 0.020000000000000004
-0.009999999999999998 0.03 0.020000000000000004
-0.009999999999999998 -0.03 0.03
-0.009999999999999998 0.03 0.03
-0.009999999999999998 -0.03 0.039999999999999994
-0.009999999999999998 0.03 0.039999999999999994
-0.009999999999999998 -0.03 0.05
-0.009999999999999998 0.03 0.05
-0.009999999999999998 -0.03 0.06000000000000001
-0.009999999999999998 0.03 0.06000000000000001
-0.009999999999999998 -0.03 0.06999999999999999
-0.009999999999999998 0.03 0.06999999999999999
0.0 -0.03 -0.08
0.0 0.03 -0.08
0.0 -0.03 -0.07
0.0 0.03 -0.07
0.0 -0.03 -0.06
0.0 0.03 -0.06
0.0 -0.03 -0.05
0.0 0.03 -0.05
0.0 -0.03 -0.04
0.0 0.03 -0.04
0.0 -0.03 -0.03
0.0 0.03 -0.03
0.0 -0.03 -0.020000000000000004
0.0 0.03 -0.020000000000000004
0.0 -0.03 -0.009999999999999995
0.0 0.03 -0.009999999999999995
0.0 -0.03 0.0
0.0 0.03 0.0
0.0 -0.03 0.009999999999999995
0.0 0.03 0.009999999999999995
0.0 -0.03 0.020000000000000004
0.0 0.03 0.020000000000000004
0.0 -0.03 0.03
0.0 0.03 0.03
0.0 -0.03 0.039999999999999994
0.0 0.03 0.039999999999999994
0.0 -0.03 0.05
0.0 0.03 0.05
0.0 -0.03 0.06000000000000001
0.0 0.03 0.06000000000000001
0.0 -0.03 0.06999999999999999
0.0 0.03 0.06999999999999999
0.010000000000000002 -0.03 -0.08
0.010000000000000002 0.03 -0.08
0.010000000000000002 -0.03 -0.07
0.010000000000000002 0.03 -0.07
0.010000000000000002 -0.03 -0.06
0.010000000000000002 0.03 -0.06
0.010000000000000002 -0.03 -0.05
0.010000000000000002 0.03 -0.05
0.010000000000000002 -0.03 -0.04
0.010000000000000002 0.03 -0.04
0.010000000000000002 -0.03 -0.03
0.010000000000000002 0.03 -0.03
0.010000000000000002 -0.03 -0.020000000000000004
0.010000000000000002 0.03 -0.020000000000000004
0.010000000000000002 -0.03 -0.009999999999999995
0.010000000000000002 0.03 -0.009999999999999995
0.010000000000000002 -0.03 0.0
0.010000000000000002 0.03 0.0
0.010000000000000002 -0.03 0.009999999999999995
0.010000000000000002 0.03 0.009999999999999995
0.010000000000000002 -0.03 0.020000000000000004
0.010000000000000002 0.03 0.020000000000000004
0.010000000000000002 -0.03 0.03
0.010000000000000002 0.03 0.03
0.010000000000000002 -0.03 0.039999999999999994
0.010000000000000002 0.03 0.039999999999999994
0.010000000000000002 -0.03 0.05
0.010000000000000002 0.03 0.05
0.010000000000000002 -0.03 0.06000000000000001
0.010000000000000002 0.03 0.06000000000000001
0.010000000000000002 -0.03 0.06999999999999999
0.010000000000000002 0.03 0.06999999999999999
0.020000000000000004 -0.03 -0.08
0.020000000000000004 0.03 -0.08
0.020000000000000004 -0.03 -0.07
0.020000000000000004 0.03 -0.07
0.020000000000000004 -0.03 -0.06
0.020000000000000004 0.03 -0.06
0.020000000000000004 -0.03 -0.05
0.020000000000000004 0.03 -0.05
0.020000000000000004 -0.03 -0.04
0.020000000000000004 0.03 -0.04
0.020000000000000004 -0.03 -0.03
0.020000000000000004 0.03 -0.03
0.020000000000000004 -0.03 -0.020000000000000004
0.020000000000000004 0.03 -0.020000000000000004
0.020000000000000004 -0.03 -0.009999999999999995
0.020000000000000004 0.03 -0.009999999999999995
0.020000000000000004 -0.03 0.0
0.020000000000000004 0.03 0.0
0.020000000000000004 -0.03 0.009999999999999995
0.020000000000000004 0.03 0.009999999999999995
0.020000000000000004 -0.03 0.020000000000000004
0.020000000000000004 0.03 0.020000000000000004
0.020000000000000004 -0.03 0.03
0.020000000000000004 0.03 0.03
0.020000000000000004 -0.03 0.039999999999999994
0.020000000000000004 0.03 0.039999999999999994
0.020000000000000004 -0.03 0.05
0.020000000000000004 0.03 0.05
0.020000000000000004 -0.03 0.06000000000000001
0.020000000000000004 0.03 0.06000000000000001
0.020000000000000004 -0.03 0.06999999999999999
0.020000000000000004 0.03 0.06999999999999999
